2734317296 23.5613088 120.4713802
2805251309 23.556292253971318 120.47188896645744
2971091047 23.55860586496059 120.46975493493463
2971105201 23.56321513780383 120.47608092480716
4393601017 23.557961082170635 120.46975359285003
4393601018 23.558271487771844 120.46975493297444
4393601019 23.557855052415785 120.46975392879438
4393601023 23.557650368269435 120.46975292292147
5209859933 23.557245301627376 120.47121439133574
5909462902 23.5608883 120.4724836
9480831013 23.5568679 120.4714689
9480831014 23.5568367 120.4714673
9480881324 23.556271969115965 120.47145679628728
9480929154 23.5544637 120.471937
9480931148 23.555344423313315 120.47152519252806
9480931149 23.555190139088023 120.47152452184216
9480931150 23.555149262626784 120.4715241854523
9480931152 23.555065358987374 120.47152385017615
9480931153 23.55550516147018 120.47152787504892
9480944942 23.556553784863475 120.47145880754309
9480944943 23.556374926703864 120.4714574666168
9480944944 23.556619251817175 120.47145847226696
9480944945 23.556455755909468 120.47145847262333
9480946233 23.5589767 120.4689816
9481587821 23.55881608011966 120.46930968716897
9789575414 23.558936 120.4690652
9789575415 23.558854189773403 120.46923324421206
9789575416 23.5577502517538 120.46975258760078
9789596717 23.558652580419015 120.4696335637293
9789596720 23.557243149197276 120.4709646106212
9789596721 23.55724314896419 120.4708727448288
9789596722 23.55724468750196 120.4712837934494
9789596723 23.5570499 120.4714653
9789600838 23.558973738160617 120.46877927882157
9789600839 23.5589207 120.4687471
9789600840 23.5588765 120.4687201
9789600841 23.5588252 120.4686885
9789613220 23.556562402631155 120.47188829612793
9789613222 23.55660144434777 120.47188728847303
9789613223 23.55652859587567 120.47188863140407
9789613227 23.5566893 120.4724475
9789613232 23.5566962 120.4727853
9789613233 23.55669025521351 120.47202207152534
9789613234 23.55668902400517 120.4722084850073
9789613235 23.556691176133576 120.47211326667637
10153734674 23.5581403 120.4765502
10298524041 23.5562527 120.4712829
12037641521 23.557244070734992 120.47100652004794
12311446001 23.5611522 120.4715021
12348544530 23.5554821 120.4718875
52143619 23.56171909511099 120.47549352067651
52155377 23.560589982385707 120.47446757590649
267041157 23.562791026529073 120.47635585390417
267041279 23.562087887935213 120.47787129878999
268069275 23.5614579 120.4769591
268069277 23.5607388 120.4724549
268069280 23.5619723 120.4785829
268069281 23.564129724322004 120.47690838468446
268069282 23.563475751369197 120.4763934037612
268069283 23.5631425 120.4768927
268069285 23.564279695052782 120.47609835845293
268069286 23.565166004810848 120.47473445285226
268069289 23.5657151 120.4731389
268069297 23.563329451716772 120.47416046689472
268069312 23.5594321 120.470893
268069317 23.5612385 120.4714903
268069322 23.562703 120.4694481
268069718 23.560269747003336 120.46986624687604
268232236 23.5601835 120.4688529
268232237 23.559936 120.469204
268232238 23.5607163 120.468369
268232239 23.5607654 120.468903
293502297 23.5618409 120.4710264
293502298 23.5616431 120.4706964
293502299 23.5610996 120.4709486
293502300 23.5624446 120.4701131
293502301 23.5621581 120.4698931
293502303 23.5616289 120.4797498
369329442 23.5525696 120.4679866
469717210 23.5539144 120.4747062
507170464 23.5628553 120.468349
625853977 23.561612194428083 120.47902194828097
625885153 23.5534069 120.4688591
625885178 23.5545103 120.4691059
625885179 23.5545116 120.4689248
625885180 23.5545116 120.4687558
625885189 23.5539657 120.4708547
625885195 23.5539337 120.4723902
625885197 23.5541759 120.4724438
625890361 23.5539196 120.4743079
625890372 23.5536009 120.4747788
625890375 23.5554409 120.4744094
625890980 23.5548683 120.4743814
625890981 23.5548412 120.4741949
625890983 23.5550777 120.4751408
625890984 23.5550924 120.4747988
625890986 23.5550926 120.4742419
813657168 23.568389075351757 120.47000036320738
813657169 23.5680241 120.4705333
823249471 23.5547142 120.4719535
1101621009 23.564417984893293 120.4751193536772
1101622267 23.565004967504187 120.47555454182258
1257174515 23.5562663 120.4763635
1257174520 23.5539131 120.4729803
1257174522 23.5529216 120.4713675
1257174524 23.5554756 120.4778654
1257174525 23.554206 120.4790352
1257174527 23.5534121 120.4674258
1257174528 23.5534002 120.4671694
1257177993 23.5544835 120.4720829
1257874722 23.554491 120.4713688
1257874735 23.55358 120.4697556
1257874743 23.5612176 120.4789653
1257874762 23.5616038 120.4701452
1261826224 23.5571984 120.4767108
1262560823 23.5683915 120.4690265
16391790 23.5614191466999 120.47362335142095
1775446775962 23.557899974816916 120.48204013018484
1775446775963 23.559136308789576 120.46529710292818
1775446775964 23.560486288770864 120.4662844641317
1775446776021 23.554179734618856 120.47270559357072
1775446775984 23.553916807036003 120.47487003342438
1775446775986 23.553916807036003 120.4745052045279
1775446776019 23.55510469862119 120.47152418540772
1775446776035 23.55817498510757 120.47304600370302
1775446776038 23.55989978875206 120.46855608756428
1775446776050 23.553589866098452 120.46664367948647
1775446776055 23.554189616483487 120.46715345637175
1775446776056 23.55364173220485 120.46900480536134
1775446776058 23.553421243032762 120.46943732919233
1775446776060 23.55379635579511 120.46951649284946
1775446776061 23.55420440307328 120.46978474939094
1775446776064 23.554199486848535 120.46957819185397
1775446776066 23.55420683135076 120.47017104415671
1775446776068 23.55421043647345 120.47045386039174
1775446776069 23.554477214720777 120.47045269641806
1775446776070 23.5541601645028 120.47137011775202
1775446776130 23.5567217488968 120.47789275646211
1775446776132 23.556564635251956 120.47853112220766
1775446776134 23.556109925416816 120.47874301671985
1775446776135 23.556449139560605 120.47865986824037
1775446776137 23.55608534464773 120.47908633947375
1775446776149 23.55689401970362 120.47537416219713
1775446776148 23.556289281604332 120.47529369592668
1775446776125 23.55539917075628 120.47419264912607
1775446776124 23.553600044609873 120.4752427339554
1775446776121 23.55362183848625 120.47372460365297
1775446776123 23.553607089746144 120.47408670186998
1775446776099 23.55388991349428 120.47326105728747
1775446776100 23.553673598914735 120.47326910498371
1775446776101 23.553572815864044 120.47327178754915
1775446776102 23.554182429234512 120.47325032702584
1775446776096 23.55341552876835 120.47249387387279
1775446776106 23.55447223262125 120.472928367498
1775446776110 23.554474852333303 120.4724455007337
1775446776111 23.554120863278293 120.47196775674823
1775446776112 23.554002873759064 120.47196775674823
1775446776115 23.553668569546097 120.4722708463669
1775446776073 23.55416748538801 120.46675878851646
1775446776076 23.55416509067393 120.46785881390345
1775446776077 23.554147753975723 120.46843676436853
1775446776078 23.554147840993906 120.4689292237944
1775446776139 23.554518909614085 120.46843796968463
1775446776083 23.554645600240406 120.4705020678048
1775446776084 23.55471821405006 120.47087914341623
1775446776088 23.554762459891347 120.47102936707947
1775446776089 23.555042656480147 120.47134326109104
1775446776091 23.555473497500834 120.47152753981736
1775446776093 23.555287872990213 120.47152485729644
1775446776094 23.55544122350784 120.47152720440756
1775446776152 23.557216114935 120.47316670417787
1775446776153 23.557107960427054 120.47316938638689
1775446776157 23.556156557387286 120.47316402196887
1775446776222 23.557251141140465 120.47289580106738
1775446776229 23.557491490259235 120.47093117954837
6293661422 23.55748901635905 120.47224799894167
1775446776263 23.55850459424879 120.46946293135397
1775446776264 23.55889537163609 120.46914540204499
1775446776266 23.558693762811025 120.46954907450174
1775446776267 23.55873555892009 120.46946793830273
1775446776270 23.558493996268403 120.46975493466732
1775446776272 23.558382741989526 120.46975493431093
1775446776274 23.55816945358955 120.46975426260036
1775446776275 23.5580692633242 120.4697542627786
1775446776279 23.556989975454226 120.46954605524185
1775446776282 23.5573402569592 120.46975626793103
1775446776258 23.557244377914248 120.47078322605836
1775446776260 23.557246222077357 120.47113191363125
1775446776261 23.557244073221167 120.47135185441408
1775446776230 23.55625368397704 120.47116052481356
1775446776250 23.556643538669015 120.47076579169976
1775446776251 23.55664292384156 120.47087777401522
1775446776252 23.556642309169497 120.47094449400905
1775446776253 23.55664200160037 120.47101624318927
1775446776188 23.557366699058186 120.47187890781724
1775446776192 23.557255446932647 120.4719560219501
1775446776193 23.557255753878767 120.47203145894501
1775446776201 23.557254829155713 120.47226279956163
1775446776225 23.556484953803146 120.47188863122588
1775446776227 23.556410271114096 120.47188796058454
1775446776163 23.556689332118047 120.47262791530835
1775446776197 23.5568388416459 120.47225341200831
1775446776170 23.556832858148947 120.47194160529939
1775446776171 23.55683320736118 120.47202140092853
1775446776172 23.5568337802334 120.47211259590136
1775446776174 23.556839352518907 120.47230370342731
1775446776175 23.556839967034655 120.47242037951948
1775446776176 23.556839352518907 120.47244787216188
1775446776177 23.55684177049222 120.47250017514858
1775446776178 23.556841156131878 120.4725417499229
1775446776179 23.556841770803 120.47257829488706
1775446776180 23.556841812601952 120.47262690961362
1775446776202 23.557191518212694 120.47226313363493
1775446776203 23.557163550514474 120.47219038058651
1775446776182 23.556926100679572 120.47188058495523
1775446776183 23.55698263607989 120.47188058495523
1775446776184 23.557037942426238 120.47188058495523
1775446776186 23.55715470019207 120.47188058495523
1775446776189 23.557261592381394 120.47187924385072
1775446776190 23.55687079428618 120.47188192605974
1775446776191 23.556821633028047 120.47188326716423
1775446776194 23.557076042340157 120.47187924385072
1775446776195 23.557114142243066 120.47187924385072
1775446776234 23.55694384159966 120.47146625520976
1775446776235 23.55690389810104 120.47146759649243
1775446776237 23.55709685581283 120.47146491392702
1775446776238 23.55714847502526 120.47146491392702
1775446776239 23.55723512151484 120.47146491392702
1775446776240 23.557193334562463 120.47146491392702
1775446776284 23.55700095794393 120.47146556594647
1775446776287 23.55722010026355 120.47187957854771
1775446776952 23.557229011026685 120.4719201481619
1775446776409 23.563338259612106 120.48020247807321
7600328606 23.560674190834327 120.48166997810925
11694354898 23.5611514 120.4816793
1775446776558 23.56071967500837 120.47626465630286
1775446776034 23.55977433064131 120.47382384396089
1775446776436 23.56035458740392 120.47311582008001
1775446776611 23.56079288100239 120.47266657466164
1775446776604 23.560744965123252 120.47215488689172
1775446776613 23.56085185097363 120.47255084648282
1775446776614 23.560878884954032 120.47226688800728
1775446776617 23.56135310361361 120.47164392144117
11780817534 23.5641713 120.4697152
1775446776408 23.563366964299334 120.4709089964384
11694354804 23.5651489 120.4696739
3128972868 23.5648685 120.4704605
1775446776350 23.56625404005576 120.46839800064187
1775446776395 23.56671195202291 120.46912227405826
1775446776391 23.567650538742864 120.46960781875478
1775446776631 23.56742420839923 120.47143707781854
1775446776399 23.566953378179868 120.4721516748194
1775446776387 23.566205180007643 120.47145585613285
1775446776386 23.565443090249797 120.47255260554829
1775446776348 23.563060243127868 120.46898648427936
1775446776642 23.56622684419272 120.47351306625364
1775446776643 23.565455065278126 120.47358549551988
1775446776644 23.565221519024636 120.472788754346
1775446776647 23.55668963953166 120.47250151660948
1775446776648 23.55668963953166 120.47254174956649
1775446776649 23.55668994694527 120.47257795912088
1775446776650 23.55668873951108 120.47242112723232
1775446776651 23.55726900585923 120.47146557503469
1775446776653 23.556588209936383 120.47145947818446
1775446776655 23.556644470699535 120.47188661796532
1775446776908 23.557243458862708 120.47140114009382
1775446776902 23.557242841551876 120.47082547085034
1775446776905 23.55724376301191 120.47074601023009
1775446776930 23.557243149119582 120.47091867774725
1775446776935 23.556650667765226 120.47145823896582
1775446776936 23.556650300683046 120.47139778786716
1775446776937 23.55665060794137 120.47133743785245
1775446776938 23.55664999342472 120.4712804406436
1775446776942 23.55572183506991 120.4715231812277
1775446776950 23.557096894193183 120.47196986311829
1775446776953 23.5571226752109 120.47219071581807
1775446776954 23.55707811171909 120.47208711469298
1775446776962 23.555226102147216 120.47152418652148
1775446776966 23.55877489807676 120.46938814142622
1775446776973 23.55707811125295 120.47219205643252
1775446776975 23.557012034596752 120.47219306266186
664411067 23.561467093098585 120.47620698560144
664411066 23.561379808801053 120.47613926187316
664411058 23.5618594 120.4745548
664411048 23.5610521 120.4757592
5369293433 23.5592504 120.4703646
6534653263 23.5591693 120.4704676
664471010 23.5590322 120.470596
664471012 23.558939 120.4707563
4648317196 23.5589203 120.4708631
2805286903 23.5589144 120.4710069
2805286902 23.5589308 120.4712625
664471011 23.5589547 120.4717478
664411064 23.5615616 120.4762896
667595385 23.5619624 120.4756916
667361824 23.562314 120.4751669
667361822 23.5624262 120.4750043
667361820 23.5624956 120.474896
667361825 23.562567 120.4747894
667361816 23.5628259 120.4744031
5909462905 23.56301661037216 120.47430999479037
2805286919 23.5611613 120.4658028
5369293466 23.56124 120.4658571
8233309729 23.5612789 120.4659113
8233309805 23.5613091 120.4660071
9495479296 23.5617706 120.4664998
9495479297 23.5620432 120.4667454
9495479298 23.5621869 120.466858
667595344 23.5623027 120.4669951
7600333266 23.5627389 120.4677547
664471067 23.5660196 120.4707695
664471063 23.5665699 120.4699311
664471068 23.5661192 120.4696039
664471036 23.5655717 120.4704205
664471040 23.5652481 120.4701779
664471025 23.561084161708315 120.46900324603642
664471019 23.5610439 120.4684018
664471018 23.5606381 120.4680485
2735868704 23.5604201 120.4680967
664471017 23.5602557 120.4682408
2735868698 23.5598243 120.4688814
664470997 23.5595711 120.4693085
2805286907 23.5596965 120.4694062
2805286906 23.5597547 120.4694648
2805286905 23.5598025 120.4695625
2805286904 23.559801 120.4696879
664470996 23.5597472 120.4697807
664470991 23.5594666 120.4701267
664470983 23.557447217056538 120.46931907552423
664470984 23.5584297 120.4693403
664470987 23.5587693 120.4686142
664470999 23.5593759 120.4703991
664470998 23.5594204 120.4703847
5369293434 23.5594587 120.470356
5369293435 23.5594872 120.470316
5369293436 23.559503 120.4702684
5369293437 23.5595048 120.4702177
5369293438 23.5594922 120.470169
664470995 23.5594254 120.4700921
2805286908 23.5593759 120.4700749
664470994 23.5593239 120.4700772
664470993 23.5592758 120.4700987
5369293429 23.5592374 120.4701369
5369293430 23.5592131 120.470187
5369293431 23.559206 120.4702432
5369293432 23.559217 120.4702986
664470992 23.5593295 120.4703981
5369293470 23.5581869 120.4718921
5369293446 23.5582674 120.4719244
664471004 23.5583308 120.4719434
664471003 23.5583808 120.4719564
664471002 23.5584307 120.4719516
664411014 23.5584644 120.4719343
664471054 23.5644769 120.4708835
664471052 23.5645682 120.4707382
664471056 23.5646022 120.4706879
664471055 23.5654585 120.4716271
664471021 23.5622613 120.4694164
5275427436 23.5625564 120.4696497
664471022 23.5629401 120.4699533
2805478764 23.5652489 120.4701166
2805478765 23.565244 120.4704674
3128972869 23.5648734 120.470111
11694354803 23.5651405 120.470115
664471059 23.5646237 120.4706552
2805478769 23.5646569 120.4704676
664471032 23.563121 120.4696715
664471029 23.5630792 120.4696277
664471028 23.5630783 120.4695035
664471020 23.5627189 120.4692099
664471024 23.5619345 120.469583
11225115360 23.5613224 120.4691647
667354376 23.562776 120.4751659
667361837 23.5627806 120.4752123
667354370 23.5627671 120.475277
12343037169 23.562734489588017 120.47533191767245
667361831 23.5626854 120.4753575
667354373 23.5626381 120.4753664
12343037170 23.5625908 120.4753579
667354374 23.5625486 120.4753329
667354371 23.5625169 120.4752951
12343037171 23.562498 120.4752482
667361818 23.5624939 120.4751972
12343037172 23.56250430645773 120.4751455030767
667354369 23.562533 120.4750981
667361840 23.562566 120.4750728
667354372 23.5625999 120.4750575
12343037174 23.5626363 120.475052
667361835 23.5626727 120.4750568
667354375 23.5627077 120.4750719
12343037175 23.5627379 120.4750964
667361829 23.5627612 120.4751286
667354380 23.5647503 120.4767707
667354383 23.5646569 120.4766901
667595418 23.5627877 120.4787523
10175422537 23.5630399 120.4783417
10175422532 23.5631451 120.4782529
667354382 23.5638103 120.4780523
2805245704 23.5639152 120.4779565
10182223361 23.5646921 120.4768532
2736005248 23.5662369 120.4745514
667595408 23.5617869 120.4764694
667361849 23.5629332 120.475239
667361844 23.5629054 120.4750619
667361859 23.5630019 120.4751365
667595404 23.5630003 120.47544
667361842 23.5628642 120.4753419
667361848 23.5627536 120.4755069
667361827 23.5628205 120.4750589
13283144789 23.5628645 120.4750511
667361846 23.5626379 120.4748463
13283144790 23.5626659 120.4748954
667361833 23.5626838 120.4749544
5274531363 23.5634721 120.4758282
667595387 23.5621854 120.4758748
2805280201 23.561996 120.4766383
11694354870 23.5620613 120.476695
667361861 23.5621813 120.4768
667595323 23.5597972 120.474716
667595381 23.56142898078431 120.47606348973572
664411065 23.5607163 120.4771053
667595311 23.5588374 120.472197
10182274670 23.5587837 120.4721012
5909414415 23.5586161 120.471953
667595315 23.5585182 120.4718576
667595319 23.5599057 120.4730283
3132324019 23.5596588 120.4728284
3132324017 23.5590045 120.4723164
667595396 23.562393977542214 120.47604069060272
664471071 23.5616368 120.4778387
2805245701 23.5615599 120.4777773
667595407 23.5597616 120.4763489
9913679891 23.5596527 120.4762212
9913679893 23.55953830788599 120.4759615632984
9913679887 23.55954199490476 120.47553375666293
7205010439 23.5596021 120.4752668
667595370 23.5605917 120.4735281
2490499411 23.5570053 120.4761175
2805295309 23.5568589 120.4763175
2490499398 23.5564925 120.4782623
2490499393 23.5562775 120.4787641
2490499388 23.5562035 120.4793131
2461797359 23.5690912 120.4708142
2461797350 23.5690151 120.4710423
3803089757 23.5689979 120.4712639
2461797360 23.5686821 120.470631
4433335517 23.5679876 120.470063
2461797361 23.5678781 120.470032
2461797362 23.5675807 120.4704693
4433335514 23.5674523 120.4706223
664471060 23.5669642 120.4702398
2461797363 23.5683785 120.4692474
2461797364 23.5680163 120.4689872
664471008 23.5575503 120.4734369
5369293454 23.557483486055197 120.47337323507394
2805249573 23.557299699999785 120.47337390669537
2805249577 23.556683799294355 120.47337725918933
8233309968 23.55604699862379 120.47338396364269
3128972858 23.555241771791234 120.47339469123133
2805249591 23.5543368 120.4734087
2805249583 23.5537741 120.4734231
2490499334 23.5532464 120.4734239
6293657526 23.5531619 120.473424
2805238633 23.555531898535232 120.47074064630212
2490499373 23.555526981427832 120.46998694592533
8233310070 23.5555221 120.4693632
2805254114 23.5555221 120.4684302
2805238623 23.5555222 120.4669568
2805238639 23.5555222 120.4665685
2805238624 23.5555224 120.465028
2490499371 23.555523 120.4644093
8233309626 23.5555229 120.4643008
2490499344 23.5539505 120.4783925
2491744943 23.5559811 120.478178
2491744941 23.5549081 120.478016
2491744939 23.5543564 120.4779268
2734317228 23.5649848 120.4712637
2734322161 23.5643114 120.4722349
2734317230 23.5637445 120.4730961
2734317232 23.5631987 120.4734663
7600328588 23.5629056 120.4738628
5909462904 23.562741864222975 120.47408670062258
2734317235 23.5653908 120.4715751
2734322156 23.5647429 120.472564
2736005253 23.5643766 120.4730995
2734317237 23.5641477 120.4734341
2734317239 23.563951 120.4741422
11694354905 23.5636348 120.4746295
11224950408 23.5635661 120.4747354
2734317241 23.5635382 120.4747782
2734317285 23.5612051 120.47161
2734317287 23.561035600984514 120.4718913102273
2734317067 23.5606132 120.4731261
664411037 23.5607007 120.4733501
4648316674 23.5613526 120.4713864
13283144782 23.5614068 120.4712989
2735868743 23.561451 120.4712276
2734317299 23.5624494 120.4706837
5275427435 23.5620455 120.4703819
11225115363 23.5613364 120.4698064
2734317300 23.5613449 120.469954
13280031510 23.5610772 120.4697898
11225115362 23.561004255773398 120.46974487665082
5369293468 23.5596146 120.4687645
2735868706 23.5602425 120.469191
2735868708 23.5602994 120.4691095
2735868710 23.560194758749105 120.46926140794127
2735868712 23.5603416 120.469044
2735868714 23.5601605 120.4693118
2735868717 23.5606318 120.4697399
2735868719 23.560130220687956 120.46935729637899
2735868721 23.5606904 120.4693025
2735868723 23.5607836 120.4691709
2735868725 23.5608337 120.4692076
2735868728 23.5603986 120.4690885
5274531367 23.5604837 120.4689525
2735868730 23.560496 120.4689322
2735868732 23.5605874 120.4687901
2735868736 23.5613649 120.4704111
2735868738 23.5613485 120.470697
2971091057 23.5613791 120.4707284
2735898883 23.5600349 120.4731203
2735898885 23.5600666 120.4728566
2735898887 23.559796 120.4726502
2735898890 23.5598862 120.4725373
2735898892 23.560053391027306 120.47249347060615
2735898895 23.5601701 120.4724077
2735898898 23.5602383 120.4723093
2735898901 23.5602603 120.4721893
2735898903 23.5602075 120.4720668
2735898906 23.5601833 120.4720188
2735898909 23.560049 120.4717955
2735898911 23.5599896 120.4716923
2735898914 23.559928 120.4716251
2735898917 23.5598224 120.4715651
2735898920 23.5597036 120.4715531
2735898921 23.5596243 120.4715819
2735898924 23.5595121 120.4716179
2735898927 23.5593471 120.4717115
2735898929 23.5592084 120.4718604
2735898932 23.5591688 120.4720068
2735898935 23.5591622 120.4720884
13283144791 23.5590045 120.4723164
3132324016 23.5589718 120.4723561
2735898937 23.5588982 120.4724605
2735898939 23.5589356 120.472595
2735898942 23.5589598 120.4727582
2735898944 23.5589554 120.4728782
2735898947 23.5588806 120.4729767
2735898950 23.5587771 120.4730535
2735898952 23.55870113658508 120.47316133940345
2735898954 23.5586539 120.4732599
2735898958 23.5586517 120.4733512
2735898960 23.5587023 120.4734424
2735898963 23.5587661 120.4734976
2735898966 23.5588145 120.4735816
2735898968 23.5588211 120.4736176
2735898970 23.5587375 120.4737497
2735898973 23.5586825 120.4738481
2735898976 23.5587023 120.4739273
10182274676 23.5587391 120.4739619
2735979136 23.5578338 120.4735772
5369293471 23.5576115 120.4734641
2735979125 23.558551 120.4725313
2735979141 23.5587144 120.4724143
2735979145 23.5588359 120.4723411
5275427437 23.5655596 120.4740258
2805249593 23.5549242 120.4669592
3128972854 23.5543386 120.4669695
2805238630 23.5537933 120.4669753
2490499331 23.5532303 120.4669813
6293656913 23.5531334 120.4669824
2805249592 23.5549209 120.4650312
2805238625 23.5545182 120.4650378
8233309684 23.5544156 120.4650601
2805238631 23.5543227 120.4650948
2805238626 23.5541847 120.4651801
8233309685 23.5540909 120.4652489
2805238627 23.5540035 120.4653461
8233309686 23.5539232 120.4654642
2805238628 23.5538479 120.4656107
8233309687 23.5538124 120.4657667
2805238629 23.5537932 120.4659156
5909462892 23.554930744509036 120.47163851559162
2805238635 23.5561466 120.4707444
5909462893 23.556143502384604 120.47163784361376
5909461084 23.556142887865576 120.47176726189166
2805238636 23.5561417 120.4726401
8233309969 23.5560368 120.4726413
2805249575 23.5552442 120.4726526
2805238637 23.5549283 120.4726551
5909462885 23.5549314 120.4717651
2805238640 23.5557365 120.4665691
2805238641 23.5559654 120.4663291
2805238642 23.5561326 120.4660986
2805238643 23.5563703 120.4659161
2805238644 23.5565816 120.4657145
2805238645 23.5567048 120.4654264
5274531361 23.5627673 120.4770325
13279987098 23.5624007 120.4767417
13279987099 23.5623264 120.4767261
2805245705 23.5622707 120.4767295
13279987100 23.5622186 120.4767584
5909461083 23.556759097431822 120.47176960864633
3128972861 23.556141044774698 120.47273218551554
3128972859 23.5552537 120.4740487
2805249581 23.5552812 120.4748546
6293631965 23.5552987 120.4758434
2490499361 23.5552994 120.4759306
2805249578 23.5566792 120.4740381
2805249579 23.5565163 120.475008
2805249587 23.5547364 120.4740612
2805249588 23.5542737 120.474071
2805249582 23.553783 120.4740822
2805249585 23.5537661 120.4752421
6293631967 23.553767 120.4758397
2805249584 23.5537642 120.4759485
2805249589 23.5542692 120.4752446
2805249586 23.5547684 120.4752293
5369293473 23.5572706 120.47522
2805249590 23.5571985 120.4751992
5369293452 23.557132 120.4751769
2805249580 23.5558958 120.4748591
2805254120 23.554336962062838 120.47059983068523
2805254121 23.5537985 120.4706065
5909462890 23.553803 120.4716372
667361853 23.5632569 120.4747559
667361857 23.563265541489926 120.47450311330483
2805286917 23.5580408 120.467101
2805286918 23.5580382 120.4686247
5369293462 23.561102 120.4657403
2805286920 23.5607224 120.4654218
2805286921 23.5599593 120.4651321
2805286922 23.5596354 120.4650128
2805286923 23.559279 120.4649554
2805286924 23.5586836 120.4646063
2805286925 23.5580033 120.4646196
2805286931 23.5573269 120.4648758
2805286932 23.5570434 120.4649023
2805286933 23.5569584 120.4649377
2805286934 23.5568612 120.4650791
2805295308 23.5579201 120.4766377
2805254124 23.5531229 120.4780169
2490499353 23.5549036 120.4787718
11730600628 23.5567924 120.4798794
2490499403 23.5568551 120.4799909
2490499409 23.5569115 120.4801101
1021841320 23.5569939 120.4801942
4433330542 23.5572546 120.4802846
7632760856 23.5576676 120.4804563
4452134080 23.5587541 120.4809079
3803089049 23.560377950185064 120.4821225918814
1021841322 23.5605452 120.4822597
3128972865 23.5645586 120.4701171
3128972866 23.5645618 120.4704666
667595405 23.5672297 120.4730173
4648316603 23.5672861 120.4729414
3803089056 23.568391546560747 120.4713857166792
5909414414 23.56870869062076 120.47127641675092
4648316671 23.5647788 120.4769759
4648316670 23.564678 120.4771395
4648316669 23.5649558 120.4772924
4648316668 23.5649829 120.4773997
12442718259 23.5649724 120.4774429
4648316667 23.5649386 120.4775821
4648316666 23.5647739 120.4778127
4648316665 23.5646412 120.47792
4648316664 23.5645969 120.4780729
4648316663 23.5644371 120.4783009
4648316662 23.5643584 120.478427
4648316661 23.5644027 120.478612
4648316660 23.5644887 120.4786845
4648316659 23.5643953 120.4787381
4648316658 23.5644076 120.4788347
4648316657 23.5645969 120.478773
4648316656 23.5647641 120.4788132
4648316655 23.5649903 120.4788159
4648316654 23.5651353 120.47884
4648316653 23.5653959 120.4789956
4648316652 23.5654328 120.4791002
4648316651 23.56545 120.4792933
4648316650 23.5654082 120.4795535
4648316649 23.5653295 120.4797198
4648316648 23.5652263 120.4799129
4648316647 23.5652558 120.4799827
4648316646 23.565482 120.4801409
4648316645 23.5657204 120.4802536
4648316644 23.5659614 120.4803421
4648316643 23.5662761 120.4803877
4648316642 23.566426 120.4803689
4648316641 23.5666252 120.4802777
4648316640 23.5668194 120.4800658
4648316639 23.5669276 120.4798539
4648316638 23.5669571 120.4796554
4648316637 23.5669571 120.4794569
4648316636 23.5668317 120.4791378
4648316635 23.5667407 120.4786764
4648316634 23.5667284 120.4784484
4648316633 23.5668268 120.4782607
4648316632 23.5670308 120.4780139
4648316631 23.567139 120.4777779
4648316630 23.5672054 120.4776545
4648316629 23.5672226 120.4775016
4648316628 23.5673578 120.4774158
4648316627 23.5675324 120.4773943
4648316626 23.5677094 120.4773621
4648316625 23.5677389 120.4771556
4648316624 23.5677536 120.476933
4648316623 23.5676971 120.4767962
4648316622 23.5675127 120.4767157
4648316621 23.5673701 120.4766433
4648316620 23.5673529 120.4764582
4648316619 23.5673849 120.4761712
4648316618 23.5672767 120.4759218
4648316617 23.5672078 120.4757528
4648316616 23.5672373 120.4755516
4648316615 23.5671734 120.4754095
4648316614 23.566989 120.4752512
12442718249 23.5667616 120.475073
4648316613 23.5667186 120.4750393
4648316612 23.5666694 120.4749321
4648316611 23.5666989 120.4747926
4648316610 23.5668759 120.4743473
4648316609 23.567021 120.4740845
4648316608 23.5671833 120.4737814
4648316607 23.5673062 120.4734971
4648316606 23.5673971 120.4732986
4648316605 23.5674144 120.4732074
4648316604 23.5673578 120.4730384
4648317195 23.5590411 120.4710288
4648317194 23.5592599 120.4712997
4648317193 23.55953583961812 120.47153458373452
8233309807 23.5610727 120.4659676
8233309755 23.5603013 120.4673218
664411025 23.5602439 120.4674171
8233309756 23.5601459 120.4675905
664411020 23.558880618049365 120.47001644879886
8233309719 23.5588119 120.4701867
8233292298 23.5582919 120.471385
5909462896 23.5581915 120.471619
5274531365 23.563763 120.4752548
5274531366 23.5637867 120.4750037
5275427438 23.5652371 120.474681
5275427439 23.5663525 120.4723126
5275427441 23.566428 120.4721999
5369293427 23.556194523613012 120.47066286206247
5909414397 23.556762476027416 120.4706581681076
5369293428 23.557342 120.4706507
5369293449 23.553798 120.4684667
5369293450 23.5532341 120.468464
5909461082 23.5580434472198 120.47176860255064
8233292302 23.5579534 120.4720099
8233309768 23.5575188 120.4732671
8233309773 23.5574377 120.4735386
8233310116 23.5571454 120.4751049
8233310111 23.5571071 120.4752987
7503776704 23.5569656 120.4759897
9495479299 23.5610004 120.4659139
8233309757 23.5602392 120.4672954
5369293463 23.5601829 120.467383
9497902325 23.560088 120.4675582
5909461080 23.5582949 120.4716188
8233292299 23.5583722 120.471425
8233309720 23.5588802 120.470232
9502288015 23.5589474 120.4700618
5369293475 23.5594756 120.4690445
8233309754 23.5602305 120.4676415
5369293474 23.5603262 120.4674726
9485437226 23.5603801 120.467375
8233309811 23.5611434 120.4660371
5369293472 23.5570996 120.4760371
8233310113 23.557247 120.4753327
8233310118 23.5572864 120.4751387
8233309775 23.5575894 120.4735777
664470985 23.5574538 120.4686352
8233309752 23.5587288 120.4686225
5369293464 23.5593239 120.4689455
6293675150 23.5531467 120.4699873
664470980 23.5532378 120.4699871
2805238632 23.55433696144127 120.46998493373395
2805249569 23.55733965301202 120.46996414697048
664411027 23.55745459587288 120.46996280533136
8233309727 23.558607094286334 120.46997085106744
5369293457 23.55881792317306 120.46997353309824
667595366 23.56074795183993 120.47363608897346
7600277783 23.5613418 120.4723503
7600277780 23.5616355 120.4719195
5909461078 23.561662 120.4718789
7204115336 23.5626041 120.4704554
3128972864 23.5630368 120.4698086
667595356 23.5637852 120.4687023
2851158323 23.5638714 120.4685343
5909414408 23.5607612 120.4686413
11224950402 23.5606341 120.4685401
5909414412 23.5604923 120.4684272
5909414411 23.5603189 120.4686981
5909414410 23.5604617 120.4688117
5909414409 23.5604099 120.468898
5909461077 23.5615393 120.4715489
13283144779 23.5614661 120.4716599
5909461079 23.5614364 120.4717049
6293661091 23.5531546 120.4717647
5909462888 23.5532423 120.4717647
8233309639 23.5533894 120.4717647
8233309905 23.5537435 120.4717648
5909462887 23.5538037 120.4717648
8233309907 23.5538763 120.4717648
8233309913 23.5542315 120.471765
5909462886 23.5543372 120.471765
8233309915 23.5544381 120.471765
8233309926 23.5547801 120.4717651
8234021858 23.555533134726826 120.47176592043077
5369293442 23.5585052 120.4717787
5369293441 23.5584856 120.4717447
5369293440 23.5584624 120.4717147
5369293439 23.558427 120.4716896
664471007 23.5583803 120.4716689
5909462899 23.5612876 120.478397
5909462898 23.5612326 120.4784819
11224950406 23.56291395388929 120.47422349951934
4648316677 23.5610094 120.4712669
4648316676 23.5610857 120.4711596
13283144783 23.5612038 120.4712609
4648316675 23.5612668 120.4711768
6293631964 23.5567693 120.47605
6293631963 23.555444 120.4758504
8233309841 23.5532523 120.4758385
2490499336 23.5532525 120.4759507
8233292292 23.5567564 120.4761476
8234021857 23.555533129909787 120.47163784486115
8233309925 23.554779532968972 120.47163918578751
8233309914 23.554438999220782 120.47163918596567
5909462891 23.5543373 120.47164
8233309912 23.5542295 120.4716394
8233309906 23.5538745 120.4716376
8233309904 23.5537426 120.4716369
8233309638 23.5533917 120.4716353
5909462889 23.553242 120.4716346
6293658338 23.553154 120.4716342
7503776686 23.5581055 120.4718481
664470981 23.5575019 120.4671319
4433325901 23.5594622 120.4670817
9495479307 23.559588322660158 120.46709162442997
664470982 23.5597073 120.4671091
9495479306 23.5597601 120.4671292
9495479305 23.5598137 120.4671554
9495479304 23.5599111 120.4672149
6293678838 23.5545789 120.4643063
6293678843 23.5544247 120.4643171
6293678844 23.5542723 120.4643492
6293678849 23.5540788 120.4644191
6293678839 23.5538789 120.4645371
6293678846 23.5537116 120.4646711
6293678847 23.5535199 120.4648787
6293678842 23.5533935 120.4650607
6293678848 23.5532739 120.4652753
6293678841 23.5531955 120.4655064
6293678845 23.5531365 120.4657388
3128972856 23.5543382 120.4675631
2805254119 23.5549451 120.4675688
2805254116 23.5549429 120.4693407
3128972855 23.5543378 120.4693438
2805254117 23.5537963 120.4693403
2805254118 23.5538012 120.4675599
2805254122 23.5538085 120.4728006
2805254123 23.554337 120.4728005
2735898981 23.5588453 120.4739873
7204115335 23.5627247 120.4705703
8233309770 23.5576589 120.4733338
8233292304 23.558116 120.472078
9052206264 23.56085182455873 120.48178262928404
11694354897 23.561064 120.4814296
9052206260 23.5612402 120.4811493
9913839712 23.5619257 120.4801136
8233292303 23.5580321 120.4720429
8233309769 23.5575956 120.4733036
8233309774 23.5575255 120.4735613
8233310117 23.557214 120.4751213
8233310112 23.5571741 120.475315
10303934599 23.5584944 120.4718999
8233309718 23.5587418 120.4701531
8233292297 23.5582253 120.4713523
13279987082 23.5619208 120.4723246
7600277781 23.5618695 120.4721042
7600277782 23.5615834 120.4725461
7600277784 23.5620192 120.4723965
7600328587 23.5626067 120.4733679
11730702956 23.5679566 120.4689998
7600333245 23.5676359 120.4690686
11730702955 23.5674777 120.468947
7600333246 23.5673456 120.4688133
7600333247 23.5670532 120.468362
7600333248 23.5666244 120.4678675
7600333265 23.5663455 120.4676494
7600333249 23.5662841 120.4676013
7600333250 23.5661749 120.4675359
7600333251 23.5660636 120.4675125
7600333252 23.5658475 120.4675195
7600333253 23.5655863 120.4676176
7600333254 23.5654365 120.4677484
7600333255 23.5653145 120.4679258
7600333256 23.5652396 120.4681547
7600333257 23.5651562 120.4684489
7600333258 23.5649871 120.4686217
7600333259 23.5647923 120.468812
7600333260 23.5656312 120.4691971
7600333261 23.5657982 120.4689182
7600333263 23.5664296 120.4689369
7600333264 23.5666715 120.4685399
2820279278 23.562864 120.4679468
667595350 23.5630502 120.4682614
664471034 23.5650255 120.4688847
4433335513 23.5655734 120.469149
7632760857 23.5574906 120.4814654
7632760858 23.557422633740643 120.4819562991993
2805266337 23.5532276 120.4658625
2805266342 23.5532866 120.4654956
2490499339 23.5534181 120.4651849
2805266341 23.553572 120.4649616
2805266336 23.5537581 120.4647556
2805266340 23.5540023 120.4645868
2490499346 23.5542649 120.4644733
2805266339 23.5545573 120.4644249
8233309723 23.558864639177624 120.46985216429863
8233309742 23.559276462007713 120.46904012578668
8233310071 23.5550086 120.4693571
8900878186 23.5609414 120.4789291
13277208458 23.560931 120.4790828
13277208457 23.5609403 120.4792305
8900878187 23.5609737 120.4793695
9052206284 23.5636028 120.4803768
9052206287 23.5633078 120.4805055
9052206273 23.5632343 120.4805373
9052206288 23.5631043 120.4805936
9052206256 23.5628281 120.4807131
9052206291 23.5627829 120.4807394
9052206257 23.5623591 120.4809861
9052206258 23.5614259 120.4813829
9052206259 23.561358 120.4812387
9052206267 23.5615826 120.4818036
9052206266 23.5616029 120.4818579
6843926737 23.5617164 120.4821627
9052206280 23.5617452 120.48224
9052206261 23.56182 120.4824406
9052206262 23.5618001 120.4824712
9052206263 23.5612111 120.4827201
9052206282 23.5625188 120.4814099
9052206268 23.5625708 120.481388
9052206269 23.5627521 120.4812566
9052206270 23.5628515 120.4811226
9052206271 23.5629088 120.4809746
9052206272 23.5629041 120.480833
9052206274 23.5633216 120.4808139
9052206275 23.5633415 120.481018
9052206276 23.5632784 120.4812349
9052206277 23.5631064 120.481536
9052206278 23.5628936 120.4817197
9052206281 23.5626674 120.4818347
9052206279 23.562655 120.4818409
9052206285 23.5635507 120.4802303
9052206286 23.5632547 120.4803601
9052206289 23.5630423 120.4804405
9052206290 23.5627335 120.4805822
10173220065 23.567512635264354 120.47069773452186
3803089758 23.5683031 120.4713581
10175422530 23.5635135 120.4701797
12348523624 23.5641119 120.4706176
11224974028 23.566098 120.4721175
11224974031 23.5662783 120.4722572
10175422531 23.5634514 120.4702927
10182274673 23.5585548 120.4720265
10182274674 23.5596914 120.4727843
10182274675 23.5587493 120.4739715
2735898978 23.5587815 120.4740017
2735898983 23.5589136 120.4738817
2735898985 23.5589994 120.4737305
2735898988 23.559072 120.473572
2735898991 23.5591864 120.473308
2735898993 23.5592613 120.4731951
2735898997 23.5593977 120.4730919
2735898999 23.5594857 120.4730367
2735899002 23.5595671 120.4729575
3132324018 23.5596336 120.4728681
10742733690 23.5532338 120.469341
11224950396 23.5608447 120.468517
11224950397 23.5608587 120.4685292
11224950398 23.5608191 120.468588
11224950401 23.5607011 120.4686224
11224950399 23.5607632 120.4686725
11224950405 23.563371270434924 120.47458357654592
11224974029 23.5657671 120.4726694
11224974030 23.5659094 120.4727979
5909462907 23.565862 120.4728718
667595337 23.5599352 120.473953
13280031509 23.5611807 120.4696937
11225115361 23.560934190282016 120.4696999478678
2734317317 23.560742 120.469584
11225131791 23.564518173735788 120.47511801052342
11225131792 23.5648259 120.4746839
11225131793 23.5644416 120.4760151
11225131794 23.5645619 120.4758232
11225131795 23.564054123633515 120.47571547284878
11225131796 23.5641656 120.475535
11694354850 23.5650467 120.4797807
11694354851 23.5647821 120.4797441
11694354852 23.564443 120.4798539
11694354853 23.5641337 120.4800531
11694354854 23.5638468 120.4802645
2735868715 23.5608432 120.4694281
11694354906 23.5641564 120.4753274
2490499391 23.5562909 120.4794091
2490499396 23.5563548 120.479448
1021841319 23.5566435 120.4796573
4433330541 23.5567143 120.4797403
11730600629 23.5567596 120.479821
11730702943 23.563759 120.4698401
11780817529 23.5643292 120.4697751
11730702944 23.5645605 120.4697734
11730702945 23.5645597 120.4698777
12442718250 23.5665741 120.4751803
12442718251 23.5663555 120.4753592
12442718252 23.5662315 120.4755779
12442718253 23.5660274 120.4757728
12442718254 23.5658889 120.4760273
12442718255 23.5657104 120.4763096
12442718256 23.5655281 120.4765601
12442718257 23.5652614 120.4768879
12442718258 23.5651732 120.4771511
13283144757 23.5610251 120.4688236
11780817544 23.5614199 120.4716234
13283144784 23.5606177 120.4728096
13283144785 23.5609201 120.4723603
13283144786 23.5607902 120.4722634
13283144787 23.560389 120.472622
13283144788 23.5606876 120.4721852
9000004 23.557961695593455 120.46996615693438
9000005 23.558272716945353 120.46996950996295
9000006 23.55785474399489 120.46996548789683
9000008 23.557648830901805 120.46996414697048
9000009 23.557308 120.471214
9000027 23.559064407332137 120.46946123474038
9000028 23.559103745147286 120.46938345067895
9000029 23.557749021487716 120.4699641468814
9000034 23.558993 120.468746
9000035 23.55894 120.468715
9000036 23.558895 120.468689
9000037 23.558843 120.468658
9000043 23.55675940500066 120.47194126988963
9000044 23.55676 120.472304
9000045 23.556760019516798 120.47244787229553
9000046 23.55676 120.472421
9000047 23.55676 120.472501
9000048 23.55676 120.472578
9000049 23.55676 120.472628
9000052 23.55676 120.472208
9000054 23.556146575756564 120.47128379353852
9000055 23.554338 120.468436
9000060 23.563108 120.47645
9000082 23.553138 120.467984
9000083 23.553774 120.474704
9000086 23.553142 120.46886
9000087 23.554338 120.469106
9000088 23.554338 120.468925
9000089 23.554338 120.468756
9000090 23.5538 120.470855
9000092 23.553807 120.472391
9000093 23.554337 120.472444
9000094 23.55378 120.474306
9000096 23.553773 120.474781
9000097 23.555266 120.474415
9000103 23.554745 120.474385
9000104 23.55474 120.474198
9000105 23.555286 120.475137
9000106 23.555279 120.474792
9000113 23.553914 120.472801
9000114 23.553153 120.471366
9000115 23.555441 120.478096
9000116 23.554392 120.478568
9000117 23.553231 120.467426
9000118 23.553231 120.46717
9000119 23.554337 120.472083
9000120 23.554337 120.471369
9000121 23.55358 120.469986
9000122 23.561007 120.478828
9000123 23.561662 120.470075
9000124 23.557279 120.476444
1775446775957 23.553232987029592 120.46885907649995
1775446775958 23.560988892433198 120.48210918903352
1775446775959 23.561108133883316 120.48242032527925
1775446775961 23.563148760253636 120.47441191998034
1775446775967 23.56020348294807 120.46831484485617
1775446775968 23.558891805798684 120.47223345225673
1775446775969 23.55953231357621 120.46871171556238
1775446775970 23.559459806844202 120.46866074236448
1775446775971 23.559961300724698 120.46813639634108
1775446775972 23.559388372453405 120.46898790236628
1775446775973 23.55934184573669 120.46908334353634
1775446775974 23.55942296024703 120.46913297099653
1775446775975 23.559004939523263 120.46993756117362
1775446775976 23.558928562422086 120.46989440971433
1775446775979 23.560714860336347 120.46645462901373
1775446775980 23.559186109324834 120.46921983530535
1775446775981 23.559226675491207 120.46913936876763
1775446775982 23.55889967504363 120.46977773273117
1775446775983 23.557888550953077 120.46996548656028
1775446775985 23.55377177801189 120.47487003342438
1775446775987 23.553781610493157 120.47450788709331
1775446775988 23.555433896652197 120.47595645923062
1775446775989 23.557883665321672 120.47063883694217
1775446775991 23.557340511170406 120.4710869180305
1775446775992 23.557308556468932 120.47113252164255
1775446776011 23.555483340731957 120.47176659125032
1775446776012 23.555064744152542 120.47163851576985
1775446776013 23.55510500572774 120.47163851563619
1775446776014 23.555149570121706 120.47163818040461
1775446776015 23.555189217069735 120.47163784508395
1775446776016 23.55528724766772 120.47163784508395
1775446776017 23.55534319387934 120.47163784508395
1775446776018 23.5555048539761 120.47163784503937
1775446776020 23.554716266983984 120.47176531697079
1775446776022 23.554178505562465 120.47279814207756
1775446776023 23.553165507142403 120.47584100128496
1775446776024 23.55316482532527 120.47595225023265
1775446776025 23.553249016311074 120.47613064083274
1775446776028 23.55433634753536 120.47193557032912
1775446776029 23.558739279835137 120.47218936331599
1775446776030 23.55702820466339 120.47601152933862
1775446776031 23.557045948211254 120.47592756863789
1775446776032 23.5569795805969 120.47591348516946
1775446776033 23.5571233770523 120.47594500531306
1775446776036 23.559661347057656 120.46916368684877
1775446776039 23.560092742064658 120.46823015586638
1775446776051 23.55379634833638 120.46664636205189
1775446776052 23.553233437662552 120.46756111685839
1775446776054 23.55434201937597 120.46715345637175
1775446776059 23.55342493022315 120.46934075683737
1775446776062 23.554336346913818 120.46978242695332
1775446776063 23.554336346913818 120.46958059081405
1775446776065 23.554336961596682 120.47017067670824
1775446776067 23.554336962373615 120.47045499122021
1775446776072 23.55434201129572 120.46675610595105
1775446776075 23.554337158475 120.46785613133804
1775446776079 23.55480667463998 120.47067257376168
1775446776080 23.55464443987031 120.47067525632708
1775446776082 23.554337176500173 120.47067793889249
1775446776086 23.554924694515325 120.47088182598166
1775446776092 23.555472882745605 120.47163784503937
1775446776095 23.555439994307847 120.47163818036006
1775446776098 23.553238510557218 120.47249384357879
1775446776104 23.55371784510769 120.47285867247525
1775446776105 23.55324172785134 120.47286376210882
1775446776107 23.554337036649745 120.472928367498
1775446776108 23.55481144912739 120.47274863561523
1775446776109 23.55433703478506 120.47275400074605
1775446776113 23.55411840516437 120.47176390886308
1775446776114 23.554000415642953 120.4717665910721
1775446776116 23.553803766205238 120.4722708463669
1775446776117 23.55367090459941 120.4734241962433
1775446776118 23.553567663422456 120.4734241962433
1775446776119 23.5538847554711 120.4734241962433
1775446776120 23.554179729335598 120.47341078519823
1775446776122 23.553774242037104 120.47371923923492
1775446776126 23.55525660146059 120.47419399023059
1775446776127 23.555091911015285 120.47405049204829
1775446776128 23.55679555174462 120.47665625810625
1775446776129 23.556235111990926 120.47656774520875
1775446776131 23.556571806831954 120.47786861658099
1775446776133 23.556395028438565 120.47843724489213
1775446776136 23.556313945622733 120.47860085964203
1775446776138 23.55623037111885 120.47910511493684
1775446776140 23.554956519891523 120.46843260526659
1775446776142 23.557024243472835 120.47567188739778
1775446776143 23.555773085192673 120.47546803951263
1775446776144 23.55682268243301 120.47561019659045
1775446776146 23.556611288815212 120.47557801008226
1775446776147 23.55625978472116 120.47555387020113
1775446776150 23.55708083228375 120.47542512416841
1775446776154 23.557106693794612 120.47337591826305
1775446776155 23.557214875651535 120.47337457715854
1775446776156 23.55729972610462 120.47289580106738
1775446776158 23.556157639428857 120.47338262253818
1775446776165 23.556760019516798 120.472541414424
1775446776204 23.55719151836807 120.47213774107627
1775446776218 23.557305539432765 120.47195635727081
1775446776219 23.557304617662396 120.47203145921232
1775446776254 23.556761861511287 120.47076679775087
1775446776265 23.559144927087132 120.4693003023777
1775446776268 23.558983270225163 120.46961613222192
1775446776269 23.558941472641056 120.46969525578403
1775446776271 23.55849768331647 120.4699695098738
1775446776273 23.558384585359747 120.4699695098738
1775446776277 23.558170068254462 120.46996816868021
1775446776278 23.558067419483383 120.46996682748662
1775446776280 23.556994891574572 120.46940924440567
1775446776281 23.55744598834146 120.46948000806512
1775446776288 23.561028880061457 120.46889535724527
1775446776289 23.56105560302828 120.46852919856003
1775446776292 23.561055292128792 120.468934556842
1775446776294 23.5610488399202 120.46882390101862
1775446776295 23.56078608711519 120.46864084974253
1775446776296 23.560044199542652 120.469044517076
1775446776298 23.560071296386106 120.46851313568905
1775446776300 23.56060567842661 120.46851814077395
1775446776305 23.560676679125063 120.46953774202753
1775446776306 23.560902835723823 120.46968117454311
1775446776307 23.56065115827368 120.46907402418185
1775446776308 23.561758436948153 120.4707917179555
1775446776309 23.56168042446914 120.47090030946401
1775446776311 23.561179155908263 120.4710129254443
1775446776312 23.561313134030545 120.4711185511457
1775446776314 23.56134080851479 120.4714065461661
1775446776315 23.561528242163423 120.47156849353449
1775446776316 23.561275371338184 120.47150745452385
1775446776317 23.56126830433458 120.4715175140105
1775446776318 23.561232646058983 120.47156647270043
1775446776323 23.56146218025318 120.47178938717575
1775446776326 23.561789384708746 120.47222802974548
1775446776327 23.560215653769703 120.46917088472355
1775446776328 23.560087805549717 120.46936266115343
1775446776329 23.560436933083846 120.46963121755378
1775446776331 23.560568775980183 120.469711012871
1775446776333 23.560613031816033 120.46976566296875
1775446776335 23.560447099430053 120.46839575705773
1775446776336 23.562306673971808 120.470007817512
1775446776341 23.562178923966766 120.47268674415461
1775446776343 23.563367551049446 120.47072206614622
1775446776345 23.564008062956184 120.47072664694409
1775446776346 23.563497866602166 120.46840846574185
1775446776347 23.56283421843071 120.46930314496676
1775446776349 23.566249121795856 120.46893187677864
1775446776352 23.56604256155017 120.46969877079644
1775446776353 23.566530499524564 120.46998708527774
1775446776354 23.56649977599936 120.47003805402066
1775446776355 23.566081844292917 120.4696470410648
1775446776356 23.565540924474725 120.47039732337001
1775446776357 23.565496297532494 120.47036325735563
1775446776360 23.56631050463103 120.46974302457218
1775446776365 23.56432828565302 120.46983615310566
1775446776366 23.56417095425201 120.46983749875425
1775446776371 23.565995895798174 120.47285586552621
1775446776375 23.56498573072978 120.47356409308976
1775446776376 23.56523152156329 120.47317780366998
1775446776380 23.565478443000625 120.47281417670386
1775446776381 23.56585572286804 120.47308638884286
1775446776383 23.56575864222015 120.47360010938623
1775446776384 23.565504249719947 120.47398371624057
1775446776385 23.566014244528308 120.4732003886066
1775446776389 23.565867361818544 120.47193898644052
1775446776390 23.567993311055577 120.46985977354814
1775446776392 23.56828890328989 120.46918236546016
1775446776393 23.56821829465306 120.47025132705933
1775446776396 23.56712434604014 120.47117399359544
1775446776398 23.566641772230074 120.47189407654672
1775446776403 23.562876196259467 120.47091130248162
1775446776405 23.56287657317208 120.47072329373735
1775446776407 23.564006206302352 120.47090837328734
1775446776410 23.5633737636467 120.48030213918604
1775446776423 23.56177106054139 120.47283047492529
1775446776424 23.56196925238785 120.47252568424526
1775446776426 23.562066988706338 120.47697590037869
1775446776428 23.561692068917132 120.47755883337916
1775446776432 23.56269641959386 120.47697684596824
1775446776435 23.561947171935838 120.47808861982291
1775446776437 23.560259954474617 120.47327677400489
1775446776440 23.561168456698365 120.47397696385143
1775446776448 23.562480027215084 120.4740196464664
1775446776455 23.56136567200785 120.47601185676672
1775446776458 23.560029400517607 120.47656800645
1775446776459 23.560702628185123 120.47548162269895
1775446776460 23.560375470123912 120.47600180088864
1775446776464 23.561133951094778 120.47744482826941
1775446776465 23.5618715293594 120.4772785309541
1775446776468 23.562503371283473 120.47682121948485
1775446776473 23.5630442627445 120.47595486312184
1775446776476 23.56324095149367 120.4756397032062
1775446776478 23.5623549713418 120.47494571436788
1775446776485 23.562569764697713 120.47618284821512
1775446776497 23.56295945018442 120.47648727911654
1775446776500 23.563167198879718 120.47634243893872
1775446776502 23.56258819252848 120.47668174390327
1775446776508 23.562473883874954 120.47730132866154
1775446776513 23.56308243301272 120.47501508191799
1775446776514 23.562638788815025 120.47468108880241
1775446776517 23.56285864504406 120.47484442698587
1775446776521 23.56270443777524 120.4741357299688
1775446776523 23.56303934778277 120.47457486640549
1775446776528 23.563783253784607 120.47663090292986
1775446776531 23.564039986351176 120.47625057443823
1775446776537 23.563260777564683 120.47742894244017
1775446776538 23.563330696225464 120.4766106589492
1775446776539 23.561430269128426 120.47863454959494
1775446776540 23.562235387186025 120.47924191187343
1775446776542 23.56212598110198 120.47941089175416
1775446776543 23.562398916068158 120.47936700167742
1775446776545 23.56124089847043 120.47957986504147
1775446776550 23.564132183802425 120.47631829959215
1775446776551 23.564095886651085 120.4759501797699
1775446776552 23.56371179097954 120.47600715354544
1775446776563 23.5603680868101 120.47683328568326
1775446776564 23.56100493615145 120.47384675821115
1775446776566 23.5601926067558 120.47505028590406
1775446776570 23.560178771180393 120.47414436401782
1775446776582 23.561042999410503 120.47663450868333
1775446776586 23.561658863601867 120.4740397651724
1775446776589 23.561319575271806 120.47376081472207
1775446776590 23.561508865950646 120.47425586422754
1775446776594 23.562052849500972 120.4734704646161
1775446776595 23.56169881373487 120.47319620901165
1775446776601 23.56099688275012 120.47327734645805
1775446776602 23.561201606200303 120.472571473319
1775446776603 23.561029791239775 120.47244019498082
1775446776606 23.560709871248037 120.47220215035635
1775446776609 23.560814015196954 120.47251799303096
1775446776610 23.56085645892408 120.47245628841308
1775446776612 23.560741263221576 120.47262633618041
1775446776615 23.560818049750058 120.47222262567794
1775446776616 23.561389358792947 120.47167074709536
1775446776620 23.562952078824633 120.47717794597763
1775446776621 23.56345239348952 120.47713637351991
1775446776623 23.56446900353026 120.47716319489727
1775446776624 23.56304672659584 120.47655299020796
1775446776625 23.563088523806297 120.47628477251406
1775446776626 23.56467490764408 120.47640949523327
1775446776628 23.564542760385443 120.47660529666959
1775446776629 23.564203641717466 120.47146918057271
1775446776630 23.564056146230257 120.4720217869098
1775446776638 23.561570376703813 120.47983505646145
1775446776641 23.56245305462841 120.47928232463428
1775446776645 23.564721002892053 120.47559276258825
1775446776657 23.556270740001448 120.47163784490573
1775446776658 23.556374312496708 120.47163818013729
1775446776659 23.55645483483236 120.4716385153689
1775446776660 23.556552875285686 120.47163885060046
1775446776661 23.556588833232674 120.47163918592116
1775446776667 23.556619259819602 120.47163918592116
1775446776668 23.556835317144408 120.4716391845401
1775446776669 23.556868201659093 120.4716388492194
1775446776670 23.55690262385271 120.4716388492194
1775446776671 23.556942884320982 120.47163918605479
1775446776672 23.556758790251433 120.47163952003895
1775446776673 23.556999741422512 120.47163985669613
1775446776674 23.55704891488951 120.47164019201684
1775446776676 23.55709655166328 120.47164052729296
1775446776679 23.557193054964113 120.47164119784522
1775446776680 23.557147569491626 120.47164086256909
1775446776681 23.557234237968924 120.47164153316587
1775446776684 23.557491476585295 120.47164186746188
1775446776688 23.557307998341685 120.47128345817327
1775446776689 23.55734119450099 120.47100653287836
1775446776690 23.557341497484583 120.47096394554858
1775446776691 23.557341497484583 120.47087241574512
1775446776692 23.55734119015018 120.47078356623501
1775446776696 23.55492523484195 120.47102935134608
1775446776697 23.554927073132838 120.47134385474271
1775446776698 23.554926471194605 120.4707363234861
1775446776699 23.556147190430945 120.47115974101517
1775446776700 23.556761246995173 120.47087743887273
1775446776701 23.556760632634447 120.47094382354585
1775446776702 23.556760632634447 120.47101691400881
1775446776704 23.55809692380777 120.47164123869759
1775446776705 23.557312300791192 120.47164153316587
1775446776706 23.557268044775974 120.47164153312136
1775446776710 23.556292868489606 120.4717679322657
1775446776714 23.556485568631338 120.47176759694504
1775446776715 23.556410878639454 120.4717679321766
1775446776716 23.556527674099854 120.4717679322657
1775446776717 23.556561788191804 120.4717679322657
1775446776720 23.556601751916986 120.47176826745275
1775446776721 23.55664539278531 120.47176860277342
1775446776723 23.5568718896851 120.47176960837902
1775446776725 23.556926288134406 120.47176994361061
1775446776726 23.556821794222717 120.47176994392247
1775446776727 23.556983759758182 120.47177061411831
1775446776728 23.557039080088817 120.47177128462606
1775446776732 23.55711529917286 120.47177195522282
1775446776733 23.557077189636367 120.47177161994671
1775446776734 23.557156789226095 120.47177229049896
1775446776735 23.55719213288219 120.47177195513375
1775446776736 23.557220407675914 120.47177229040986
1775446776739 23.557191825469747 120.4722054681013
1775446776740 23.557262205574386 120.47177229040986
1775446776741 23.557305846689562 120.47177262573054
1775446776742 23.5573673134161 120.47177262573054
1775446776743 23.557491169251247 120.47177329632734
1775446776744 23.556759739065257 120.47202206559508
1775446776745 23.556760019827564 120.4721125961241
1775446776746 23.556759739529056 120.47225413125373
1775446776747 23.557300929648534 120.47272682198852
1775446776748 23.55730308176689 120.47226279956163
1775446776749 23.556760019516798 120.4727315151415
1775446776750 23.556696708180002 120.47273151505242
1775446776751 23.55380223366863 120.46900331874203
1775446776764 23.560162794175714 120.4727227971603
1775446776765 23.56006936493761 120.47266647077097
1775446776766 23.56016785033237 120.4725499153203
1775446776767 23.56025142233205 120.47261697945567
1775446776771 23.560465865651317 120.47250965964274
1775446776772 23.560304507952868 120.47236744955042
1775446776773 23.56038316659142 120.47243684306599
1775446776774 23.561416713272706 120.4729722351143
1775446776778 23.56113026225611 120.47338530367797
1775446776779 23.562240932517106 120.47361932757283
1775446776782 23.562100160356323 120.47384664790536
1775446776783 23.56240936464663 120.4740780778002
1775446776798 23.562177622267296 120.47480821680779
1775446776826 23.561404392619643 120.47523468501178
1775446776836 23.56479607308793 120.47434174089166
1775446776843 23.56492029123241 120.47454680799247
1775446776844 23.5652655910366 120.47480686572408
1775446776845 23.564073178323632 120.47546267456
1775446776846 23.563954553814018 120.47563936677177
1775446776847 23.563866849588077 120.47577001273707
1775446776848 23.564483756489462 120.47516964420521
1775446776849 23.564834095860558 120.47542780673382
1775446776851 23.564767808004056 120.47627559612778
1775446776852 23.564350374017554 120.47579124641173
1775446776853 23.564193031766553 120.47602862092944
1775446776855 23.565034534363583 120.47633993492971
1775446776856 23.565375588782924 120.47583818524771
1775446776861 23.565474543283052 120.47568932122176
1775446776862 23.56484270290799 120.47521054833823
1775446776863 23.564429668098377 120.4749020944797
1775446776864 23.56584209040259 120.47514617371807
1775446776865 23.565034488372078 120.47513945803814
1775446776867 23.56474312972405 120.47536209296935
1775446776868 23.564569803395134 120.47523468768475
1775446776869 23.56442905113209 120.47585025376267
1775446776870 23.56425879337578 120.47572151004657
1775446776872 23.564535997379167 120.4756906633955
1775446776873 23.564364511421857 120.47555387109213
1775446776876 23.56432948245132 120.47505498003713
1775446776878 23.564955165600843 120.47504356906587
1775446776879 23.564653395279795 120.47455608702197
1775446776882 23.56466691724009 120.47508046030998
1775446776883 23.56473083579706 120.47498658156886
1775446776885 23.564889416304258 120.47474652457484
1775446776886 23.56506274392062 120.47488130744895
1775446776887 23.564178895276047 120.47581605568685
1775446776888 23.564372503398026 120.47596424871502
1775446776889 23.56488096619056 120.47536360853171
1775446776900 23.559602231735024 120.47151312036
1775446776901 23.55619329550777 120.4699775578374
1775446776903 23.557341497251485 120.470824464621
1775446776906 23.557341497406888 120.47074701592484
1775446776909 23.55730861293295 120.47135185387947
1775446776910 23.557309534392502 120.47140080504043
1775446776911 23.557303080756885 120.47220580279829
1775446776912 23.560849885041865 120.47116348216339
1775446776913 23.56073442450405 120.47121137469703
1775446776914 23.56093980325898 120.4699267213189
1775446776915 23.5610282579516 120.46976035334727
1775446776916 23.5607757075525 120.47012456399317
1775446776917 23.56073319706279 120.4702726010072
1775446776918 23.56068900606164 120.47187665724604
1775446776919 23.56077314903106 120.47172434583464
1775446776920 23.560606664579637 120.47187940993315
1775446776921 23.560557504719192 120.47195318048206
1775446776923 23.560749175862686 120.4714970303135
1775446776924 23.560339941971726 120.47212750660444
1775446776925 23.56021074476207 120.47193422557154
1775446776926 23.560488565900897 120.47229230528643
1775446776927 23.560616408914097 120.4721099113312
1775446776928 23.560411123193756 120.47222659009637
1775446776929 23.560559854256002 120.47205358636751
1775446776931 23.55734180497435 120.47091867792548
1775446776934 23.556759097742585 120.4714578017147
1775446776939 23.556759712414117 120.47139812260868
1775446776940 23.556760327163314 120.47133810809288
1775446776941 23.556760327241008 120.47128144651654
1775446776947 23.557191518212694 120.47191947752056
1775446776948 23.55675940500066 120.47191545527623
1775446776949 23.557096859075926 120.47191813614874
1775446776951 23.55709870300805 120.47177195522282
1775446776955 23.5571226752109 120.47213740575563
1775446776956 23.557077804306395 120.47213707043493
1775446776957 23.559955010274727 120.47324986584415
1775446776958 23.56126303583296 120.47209113444251
1775446776959 23.561431440936815 120.4722185429347
1775446776960 23.560978442887148 120.4718477281621
1775446776961 23.560963222184164 120.47187134174392
1775446776963 23.555226409098083 120.47163818036006
1775446776964 23.560802035376142 120.46962082439481
1775446776965 23.560622251307343 120.46975292243141
1775446776967 23.559025065620627 120.46953834691308
1775446776968 23.560880099808035 120.46929627701486
1775446776969 23.56081555648977 120.46940356599917
1775446776970 23.560604733760535 120.46972006541552
1775446776971 23.556759712336408 120.47213606558665
1775446776972 23.557163550669866 120.47213774103174
1775446776974 23.557011727494658 120.47213639979358
1775446776976 23.555530672599232 120.47265037840789
1775446776985 23.561758432908263 120.47389760542166
1775446776987 23.560836456849984 120.4731445751516
1775446776988 23.56311864203342 120.4744561760727
1775446776993 23.562181312008846 120.47827362925122
1775446776994 23.5688193234047 120.47126099547471
